# Created by Octave 5.2.0, Fri Jul 17 17:14:03 2020 GMT <unknown@DESKTOP-77GTTL0>
# name: v
# type: matrix
# rows: 10
# columns: 1
 399900
 329900
 369000
 232000
 539900
 299900
 314900
 198999
 212000
 242500


